readLength	count	fracTotal	fracReadsGreater
240	1	7.29501e-05	0.999927
439	1	7.29501e-05	0.999854
443	1	7.29501e-05	0.999781
454	1	7.29501e-05	0.999708
457	2	0.0001459	0.999562
458	4	0.0002918	0.99927
459	7	0.000510651	0.99876
460	4	0.0002918	0.998468
461	2	0.0001459	0.998322
462	3	0.00021885	0.998103
463	6	0.000437701	0.997666
464	9	0.000656551	0.997009
465	9	0.000656551	0.996352
466	15	0.00109425	0.995258
467	21	0.00153195	0.993726
468	19	0.00138605	0.99234
469	43	0.00313685	0.989203
470	64	0.00466881	0.984535
471	105	0.00765976	0.976875
472	157	0.0114532	0.965422
473	158	0.0115261	0.953896
474	266	0.0194047	0.934491
475	256	0.0186752	0.915816
476	155	0.0113073	0.904508
477	99	0.00722206	0.897286
478	70	0.00510651	0.89218
479	31	0.00226145	0.889918
480	25	0.00182375	0.888095
481	8	0.000583601	0.887511
482	14	0.0010213	0.88649
483	4	0.0002918	0.886198
484	4	0.0002918	0.885906
485	3	0.00021885	0.885687
489	1	7.29501e-05	0.885614
490	1	7.29501e-05	0.885541
569	1	7.29501e-05	0.885468
605	1	7.29501e-05	0.885395
637	1	7.29501e-05	0.885322
640	1	7.29501e-05	0.885249
642	1	7.29501e-05	0.885177
645	1	7.29501e-05	0.885104
648	2	0.0001459	0.884958
649	1	7.29501e-05	0.884885
650	1	7.29501e-05	0.884812
651	2	0.0001459	0.884666
652	2	0.0001459	0.88452
653	2	0.0001459	0.884374
654	3	0.00021885	0.884155
655	1	7.29501e-05	0.884082
656	3	0.00021885	0.883863
657	5	0.000364751	0.883499
658	3	0.00021885	0.88328
659	8	0.000583601	0.882696
660	7	0.000510651	0.882186
661	8	0.000583601	0.881602
662	17	0.00124015	0.880362
663	20	0.001459	0.878903
664	23	0.00167785	0.877225
665	24	0.0017508	0.875474
666	48	0.0035016	0.871973
667	59	0.00430406	0.867669
668	60	0.00437701	0.863292
669	96	0.00700321	0.856288
670	107	0.00780566	0.848483
671	146	0.0106507	0.837832
672	194	0.0141523	0.82368
673	195	0.0142253	0.809454
674	196	0.0142982	0.795156
675	135	0.00984826	0.785308
676	82	0.00598191	0.779326
677	93	0.00678436	0.772542
678	54	0.00393931	0.768602
679	40	0.002918	0.765684
680	19	0.00138605	0.764298
681	10	0.000729501	0.763569
682	8	0.000583601	0.762985
683	5	0.000364751	0.76262
684	6	0.000437701	0.762183
685	3	0.00021885	0.761964
686	3	0.00021885	0.761745
687	1	7.29501e-05	0.761672
692	1	7.29501e-05	0.761599
713	1	7.29501e-05	0.761526
721	1	7.29501e-05	0.761453
722	1	7.29501e-05	0.76138
727	1	7.29501e-05	0.761307
728	1	7.29501e-05	0.761234
733	1	7.29501e-05	0.761161
734	1	7.29501e-05	0.761088
738	1	7.29501e-05	0.761015
741	1	7.29501e-05	0.760943
742	1	7.29501e-05	0.76087
744	1	7.29501e-05	0.760797
745	2	0.0001459	0.760651
746	1	7.29501e-05	0.760578
750	3	0.00021885	0.760359
751	3	0.00021885	0.76014
752	3	0.00021885	0.759921
753	5	0.000364751	0.759556
754	8	0.000583601	0.758973
755	5	0.000364751	0.758608
756	4	0.0002918	0.758316
757	11	0.000802451	0.757514
758	14	0.0010213	0.756493
759	12	0.000875401	0.755617
760	25	0.00182375	0.753793
761	23	0.00167785	0.752116
762	34	0.0024803	0.749635
763	45	0.00328275	0.746352
764	57	0.00415816	0.742194
765	81	0.00590896	0.736285
766	90	0.00656551	0.72972
767	105	0.00765976	0.72206
768	128	0.00933761	0.712722
769	138	0.0100671	0.702655
770	136	0.00992121	0.692734
771	118	0.00860811	0.684126
772	98	0.00714911	0.676977
773	51	0.00372046	0.673256
774	45	0.00328275	0.669974
775	22	0.0016049	0.668369
776	9	0.000656551	0.667712
777	9	0.000656551	0.667056
778	7	0.000510651	0.666545
779	8	0.000583601	0.665961
780	2	0.0001459	0.665816
781	1	7.29501e-05	0.665743
782	4	0.0002918	0.665451
783	1	7.29501e-05	0.665378
786	1	7.29501e-05	0.665305
1312	1	7.29501e-05	0.665232
1314	1	7.29501e-05	0.665159
1318	1	7.29501e-05	0.665086
1320	1	7.29501e-05	0.665013
1323	3	0.00021885	0.664794
1329	2	0.0001459	0.664648
1330	2	0.0001459	0.664502
1336	1	7.29501e-05	0.66443
1337	1	7.29501e-05	0.664357
1422	1	7.29501e-05	0.664284
1504	1	7.29501e-05	0.664211
1513	2	0.0001459	0.664065
1514	2	0.0001459	0.663919
1515	2	0.0001459	0.663773
1517	2	0.0001459	0.663627
1518	1	7.29501e-05	0.663554
1519	2	0.0001459	0.663408
1521	4	0.0002918	0.663116
1522	2	0.0001459	0.662971
1523	1	7.29501e-05	0.662898
1524	3	0.00021885	0.662679
1525	4	0.0002918	0.662387
1526	6	0.000437701	0.661949
1527	7	0.000510651	0.661439
1528	9	0.000656551	0.660782
1529	8	0.000583601	0.660198
1530	10	0.000729501	0.659469
1531	15	0.00109425	0.658375
1532	16	0.0011672	0.657207
1533	21	0.00153195	0.655676
1534	22	0.0016049	0.654071
1535	32	0.0023344	0.651736
1536	38	0.0027721	0.648964
1537	42	0.0030639	0.6459
1538	43	0.00313685	0.642763
1539	46	0.0033557	0.639408
1540	61	0.00444996	0.634958
1541	48	0.0035016	0.631456
1542	59	0.00430406	0.627152
1543	54	0.00393931	0.623213
1544	43	0.00313685	0.620076
1545	45	0.00328275	0.616793
1546	33	0.00240735	0.614386
1547	26	0.0018967	0.612489
1548	18	0.0013131	0.611176
1549	17	0.00124015	0.609936
1550	17	0.00124015	0.608696
1551	12	0.000875401	0.60782
1552	4	0.0002918	0.607528
1553	5	0.000364751	0.607164
1554	1	7.29501e-05	0.607091
1555	1	7.29501e-05	0.607018
1556	1	7.29501e-05	0.606945
1557	1	7.29501e-05	0.606872
1558	1	7.29501e-05	0.606799
1651	1	7.29501e-05	0.606726
1689	1	7.29501e-05	0.606653
1723	1	7.29501e-05	0.60658
1724	1	7.29501e-05	0.606507
1731	1	7.29501e-05	0.606434
1733	1	7.29501e-05	0.606361
1734	1	7.29501e-05	0.606288
1737	2	0.0001459	0.606142
1738	1	7.29501e-05	0.606069
1739	1	7.29501e-05	0.605996
1741	4	0.0002918	0.605705
1742	2	0.0001459	0.605559
1743	3	0.00021885	0.60534
1744	2	0.0001459	0.605194
1745	2	0.0001459	0.605048
1746	1	7.29501e-05	0.604975
1747	5	0.000364751	0.60461
1748	6	0.000437701	0.604173
1749	5	0.000364751	0.603808
1750	1	7.29501e-05	0.603735
1751	4	0.0002918	0.603443
1752	11	0.000802451	0.602641
1753	9	0.000656551	0.601984
1754	11	0.000802451	0.601182
1755	3	0.00021885	0.600963
1756	6	0.000437701	0.600525
1757	4	0.0002918	0.600233
1758	3	0.00021885	0.600015
1759	1	7.29501e-05	0.599942
1760	1	7.29501e-05	0.599869
1761	1	7.29501e-05	0.599796
1762	2	0.0001459	0.59965
1763	2	0.0001459	0.599504
1764	1	7.29501e-05	0.599431
1767	1	7.29501e-05	0.599358
1773	1	7.29501e-05	0.599285
1774	1	7.29501e-05	0.599212
1776	1	7.29501e-05	0.599139
1777	1	7.29501e-05	0.599066
1785	2	0.0001459	0.59892
1786	1	7.29501e-05	0.598847
1787	1	7.29501e-05	0.598774
1788	2	0.0001459	0.598629
1789	3	0.00021885	0.59841
1790	1	7.29501e-05	0.598337
1791	1	7.29501e-05	0.598264
1792	6	0.000437701	0.597826
1793	3	0.00021885	0.597607
1794	2	0.0001459	0.597461
1795	5	0.000364751	0.597097
1796	12	0.000875401	0.596221
1797	5	0.000364751	0.595856
1798	7	0.000510651	0.595346
1799	9	0.000656551	0.594689
1800	7	0.000510651	0.594179
1801	6	0.000437701	0.593741
1802	8	0.000583601	0.593157
1803	21	0.00153195	0.591625
1804	19	0.00138605	0.590239
1805	16	0.0011672	0.589072
1806	20	0.001459	0.587613
1807	25	0.00182375	0.585789
1808	22	0.0016049	0.584184
1809	25	0.00182375	0.582361
1810	40	0.002918	0.579443
1811	37	0.00269915	0.576744
1812	39	0.00284505	0.573898
1813	25	0.00182375	0.572075
1814	35	0.00255325	0.569521
1815	31	0.00226145	0.56726
1816	28	0.0020426	0.565217
1817	23	0.00167785	0.56354
1818	19	0.00138605	0.562153
1819	23	0.00167785	0.560476
1820	14	0.0010213	0.559454
1821	8	0.000583601	0.558871
1822	15	0.00109425	0.557776
1823	7	0.000510651	0.557266
1824	7	0.000510651	0.556755
1825	4	0.0002918	0.556463
1826	3	0.00021885	0.556245
1827	2	0.0001459	0.556099
1828	5	0.000364751	0.555734
1829	2	0.0001459	0.555588
1830	3	0.00021885	0.555369
1831	3	0.00021885	0.55515
1832	3	0.00021885	0.554931
1834	2	0.0001459	0.554786
1835	2	0.0001459	0.55464
1836	1	7.29501e-05	0.554567
1837	5	0.000364751	0.554202
1838	3	0.00021885	0.553983
1839	6	0.000437701	0.553545
1840	4	0.0002918	0.553254
1841	7	0.000510651	0.552743
1842	5	0.000364751	0.552378
1843	8	0.000583601	0.551795
1844	10	0.000729501	0.551065
1845	12	0.000875401	0.55019
1846	8	0.000583601	0.549606
1847	11	0.000802451	0.548804
1848	11	0.000802451	0.548001
1849	16	0.0011672	0.546834
1850	16	0.0011672	0.545667
1851	27	0.00196965	0.543697
1852	26	0.0018967	0.5418
1853	25	0.00182375	0.539977
1854	27	0.00196965	0.538007
1855	39	0.00284505	0.535162
1856	36	0.0026262	0.532536
1857	42	0.0030639	0.529472
1858	41	0.00299095	0.526481
1859	38	0.0027721	0.523709
1860	42	0.0030639	0.520645
1861	43	0.00313685	0.517508
1862	42	0.0030639	0.514444
1863	34	0.0024803	0.511964
1864	21	0.00153195	0.510432
1865	32	0.0023344	0.508097
1866	29	0.00211555	0.505982
1867	32	0.0023344	0.503648
1868	28	0.0020426	0.501605
1869	30	0.0021885	0.499416
1870	40	0.002918	0.496498
1871	43	0.00313685	0.493362
1872	39	0.00284505	0.490516
1873	42	0.0030639	0.487453
1874	32	0.0023344	0.485118
1875	33	0.00240735	0.482711
1876	32	0.0023344	0.480376
1877	30	0.0021885	0.478188
1878	17	0.00124015	0.476948
1879	18	0.0013131	0.475635
1880	17	0.00124015	0.474395
1881	12	0.000875401	0.473519
1882	12	0.000875401	0.472644
1883	10	0.000729501	0.471914
1884	5	0.000364751	0.471549
1886	5	0.000364751	0.471185
1887	4	0.0002918	0.470893
1888	2	0.0001459	0.470747
1889	1	7.29501e-05	0.470674
1890	1	7.29501e-05	0.470601
1896	1	7.29501e-05	0.470528
1916	1	7.29501e-05	0.470455
1920	2	0.0001459	0.470309
1999	1	7.29501e-05	0.470236
2000	1	7.29501e-05	0.470163
2006	1	7.29501e-05	0.47009
2009	1	7.29501e-05	0.470018
2011	1	7.29501e-05	0.469945
2012	1	7.29501e-05	0.469872
2015	1	7.29501e-05	0.469799
2017	1	7.29501e-05	0.469726
2018	1	7.29501e-05	0.469653
2020	1	7.29501e-05	0.46958
2021	2	0.0001459	0.469434
2022	1	7.29501e-05	0.469361
2023	3	0.00021885	0.469142
2024	1	7.29501e-05	0.469069
2030	4	0.0002918	0.468777
2031	1	7.29501e-05	0.468704
2032	1	7.29501e-05	0.468631
2033	2	0.0001459	0.468486
2034	8	0.000583601	0.467902
2035	5	0.000364751	0.467537
2036	9	0.000656551	0.466881
2037	3	0.00021885	0.466662
2038	11	0.000802451	0.465859
2039	10	0.000729501	0.46513
2040	14	0.0010213	0.464109
2041	12	0.000875401	0.463233
2042	6	0.000437701	0.462795
2043	15	0.00109425	0.461701
2044	17	0.00124015	0.460461
2045	13	0.000948351	0.459513
2046	9	0.000656551	0.458856
2047	13	0.000948351	0.457908
2048	5	0.000364751	0.457543
2049	9	0.000656551	0.456886
2050	12	0.000875401	0.456011
2051	6	0.000437701	0.455573
2052	5	0.000364751	0.455209
2053	5	0.000364751	0.454844
2054	2	0.0001459	0.454698
2056	2	0.0001459	0.454552
2057	2	0.0001459	0.454406
2058	1	7.29501e-05	0.454333
2087	1	7.29501e-05	0.45426
2105	1	7.29501e-05	0.454187
2132	1	7.29501e-05	0.454114
2142	1	7.29501e-05	0.454041
2145	1	7.29501e-05	0.453968
2147	1	7.29501e-05	0.453896
2159	1	7.29501e-05	0.453823
2160	1	7.29501e-05	0.45375
2163	1	7.29501e-05	0.453677
2166	1	7.29501e-05	0.453604
2169	1	7.29501e-05	0.453531
2173	2	0.0001459	0.453385
2174	1	7.29501e-05	0.453312
2175	1	7.29501e-05	0.453239
2176	1	7.29501e-05	0.453166
2177	1	7.29501e-05	0.453093
2178	1	7.29501e-05	0.45302
2179	2	0.0001459	0.452874
2180	3	0.00021885	0.452655
2181	1	7.29501e-05	0.452582
2182	2	0.0001459	0.452437
2183	1	7.29501e-05	0.452364
2184	4	0.0002918	0.452072
2185	6	0.000437701	0.451634
2186	1	7.29501e-05	0.451561
2187	3	0.00021885	0.451342
2188	1	7.29501e-05	0.451269
2189	2	0.0001459	0.451123
2190	9	0.000656551	0.450467
2191	3	0.00021885	0.450248
2192	3	0.00021885	0.450029
2193	7	0.000510651	0.449519
2194	6	0.000437701	0.449081
2195	7	0.000510651	0.44857
2196	10	0.000729501	0.447841
2197	14	0.0010213	0.446819
2198	7	0.000510651	0.446309
2199	19	0.00138605	0.444923
2200	19	0.00138605	0.443537
2201	24	0.0017508	0.441786
2202	21	0.00153195	0.440254
2203	29	0.00211555	0.438138
2204	23	0.00167785	0.43646
2205	23	0.00167785	0.434783
2206	25	0.00182375	0.432959
2207	28	0.0020426	0.430916
2208	23	0.00167785	0.429238
2209	32	0.0023344	0.426904
2210	25	0.00182375	0.42508
2211	32	0.0023344	0.422746
2212	21	0.00153195	0.421214
2213	20	0.001459	0.419755
2214	16	0.0011672	0.418588
2215	14	0.0010213	0.417566
2216	15	0.00109425	0.416472
2217	7	0.000510651	0.415961
2218	7	0.000510651	0.415451
2219	6	0.000437701	0.415013
2220	8	0.000583601	0.41443
2221	5	0.000364751	0.414065
2222	7	0.000510651	0.413554
2223	4	0.0002918	0.413262
2224	3	0.00021885	0.413043
2225	5	0.000364751	0.412679
2226	1	7.29501e-05	0.412606
2227	3	0.00021885	0.412387
2228	1	7.29501e-05	0.412314
2229	4	0.0002918	0.412022
2230	3	0.00021885	0.411803
2231	3	0.00021885	0.411584
2232	4	0.0002918	0.411293
2233	9	0.000656551	0.410636
2234	6	0.000437701	0.410198
2235	14	0.0010213	0.409177
2236	10	0.000729501	0.408448
2237	13	0.000948351	0.407499
2238	10	0.000729501	0.40677
2239	11	0.000802451	0.405967
2240	9	0.000656551	0.405311
2241	18	0.0013131	0.403998
2242	20	0.001459	0.402539
2243	16	0.0011672	0.401371
2244	13	0.000948351	0.400423
2245	20	0.001459	0.398964
2246	16	0.0011672	0.397797
2247	12	0.000875401	0.396922
2248	16	0.0011672	0.395754
2249	15	0.00109425	0.39466
2250	13	0.000948351	0.393712
2251	7	0.000510651	0.393201
2252	6	0.000437701	0.392763
2253	4	0.0002918	0.392472
2254	7	0.000510651	0.391961
2255	5	0.000364751	0.391596
2256	4	0.0002918	0.391304
2257	4	0.0002918	0.391013
2258	3	0.00021885	0.390794
2259	1	7.29501e-05	0.390721
2262	2	0.0001459	0.390575
2264	1	7.29501e-05	0.390502
2282	2	0.0001459	0.390356
2305	2	0.0001459	0.39021
2306	1	7.29501e-05	0.390137
2308	1	7.29501e-05	0.390064
2309	1	7.29501e-05	0.389991
2310	1	7.29501e-05	0.389918
2311	1	7.29501e-05	0.389845
2313	1	7.29501e-05	0.389772
2316	1	7.29501e-05	0.389699
2317	1	7.29501e-05	0.389626
2319	3	0.00021885	0.389408
2320	1	7.29501e-05	0.389335
2321	3	0.00021885	0.389116
2322	4	0.0002918	0.388824
2323	4	0.0002918	0.388532
2324	4	0.0002918	0.38824
2325	3	0.00021885	0.388022
2326	7	0.000510651	0.387511
2327	3	0.00021885	0.387292
2328	5	0.000364751	0.386927
2329	5	0.000364751	0.386563
2330	6	0.000437701	0.386125
2331	13	0.000948351	0.385177
2332	16	0.0011672	0.384009
2333	11	0.000802451	0.383207
2334	16	0.0011672	0.38204
2335	19	0.00138605	0.380654
2336	14	0.0010213	0.379632
2337	20	0.001459	0.378173
2338	17	0.00124015	0.376933
2339	13	0.000948351	0.375985
2340	18	0.0013131	0.374672
2341	20	0.001459	0.373213
2342	24	0.0017508	0.371462
2343	23	0.00167785	0.369784
2344	14	0.0010213	0.368763
2345	19	0.00138605	0.367377
2346	11	0.000802451	0.366574
2347	14	0.0010213	0.365553
2348	17	0.00124015	0.364313
2349	11	0.000802451	0.36351
2350	6	0.000437701	0.363073
2351	5	0.000364751	0.362708
2352	10	0.000729501	0.361978
2353	1	7.29501e-05	0.361905
2354	6	0.000437701	0.361468
2355	3	0.00021885	0.361249
2356	2	0.0001459	0.361103
2357	1	7.29501e-05	0.36103
2358	2	0.0001459	0.360884
2359	1	7.29501e-05	0.360811
2362	1	7.29501e-05	0.360738
2363	1	7.29501e-05	0.360665
2365	1	7.29501e-05	0.360592
2371	1	7.29501e-05	0.360519
2379	1	7.29501e-05	0.360446
2388	1	7.29501e-05	0.360374
2401	1	7.29501e-05	0.360301
2403	1	7.29501e-05	0.360228
2413	1	7.29501e-05	0.360155
2417	1	7.29501e-05	0.360082
2420	1	7.29501e-05	0.360009
2424	1	7.29501e-05	0.359936
2429	1	7.29501e-05	0.359863
2431	2	0.0001459	0.359717
2433	1	7.29501e-05	0.359644
2434	1	7.29501e-05	0.359571
2435	2	0.0001459	0.359425
2436	3	0.00021885	0.359206
2437	2	0.0001459	0.35906
2438	1	7.29501e-05	0.358987
2439	1	7.29501e-05	0.358915
2440	3	0.00021885	0.358696
2441	1	7.29501e-05	0.358623
2442	2	0.0001459	0.358477
2443	1	7.29501e-05	0.358404
2444	1	7.29501e-05	0.358331
2445	3	0.00021885	0.358112
2446	2	0.0001459	0.357966
2447	4	0.0002918	0.357674
2448	2	0.0001459	0.357528
2449	4	0.0002918	0.357237
2450	8	0.000583601	0.356653
2451	10	0.000729501	0.355924
2452	11	0.000802451	0.355121
2453	11	0.000802451	0.354319
2454	14	0.0010213	0.353297
2455	16	0.0011672	0.35213
2456	20	0.001459	0.350671
2457	22	0.0016049	0.349066
2458	10	0.000729501	0.348337
2459	18	0.0013131	0.347024
2460	18	0.0013131	0.345711
2461	26	0.0018967	0.343814
2462	19	0.00138605	0.342428
2463	13	0.000948351	0.341479
2464	16	0.0011672	0.340312
2465	15	0.00109425	0.339218
2466	10	0.000729501	0.338488
2467	4	0.0002918	0.338197
2468	20	0.001459	0.336738
2469	10	0.000729501	0.336008
2470	8	0.000583601	0.335425
2471	4	0.0002918	0.335133
2472	8	0.000583601	0.334549
2473	3	0.00021885	0.33433
2474	5	0.000364751	0.333966
2475	3	0.00021885	0.333747
2476	3	0.00021885	0.333528
2477	2	0.0001459	0.333382
2478	2	0.0001459	0.333236
2479	3	0.00021885	0.333017
2480	2	0.0001459	0.332871
2481	2	0.0001459	0.332725
2482	1	7.29501e-05	0.332652
2490	1	7.29501e-05	0.33258
2495	1	7.29501e-05	0.332507
2497	1	7.29501e-05	0.332434
2500	1	7.29501e-05	0.332361
2501	1	7.29501e-05	0.332288
2505	2	0.0001459	0.332142
2507	1	7.29501e-05	0.332069
2508	3	0.00021885	0.33185
2509	1	7.29501e-05	0.331777
2510	2	0.0001459	0.331631
2511	1	7.29501e-05	0.331558
2513	2	0.0001459	0.331412
2514	1	7.29501e-05	0.331339
2515	3	0.00021885	0.331121
2516	4	0.0002918	0.330829
2517	2	0.0001459	0.330683
2518	2	0.0001459	0.330537
2519	3	0.00021885	0.330318
2520	3	0.00021885	0.330099
2521	2	0.0001459	0.329953
2522	5	0.000364751	0.329589
2523	1	7.29501e-05	0.329516
2524	6	0.000437701	0.329078
2525	7	0.000510651	0.328567
2526	6	0.000437701	0.32813
2527	10	0.000729501	0.3274
2528	9	0.000656551	0.326744
2529	13	0.000948351	0.325795
2530	8	0.000583601	0.325212
2531	11	0.000802451	0.324409
2532	23	0.00167785	0.322731
2533	14	0.0010213	0.32171
2534	15	0.00109425	0.320616
2535	18	0.0013131	0.319303
2536	23	0.00167785	0.317625
2537	17	0.00124015	0.316385
2538	22	0.0016049	0.31478
2539	21	0.00153195	0.313248
2540	20	0.001459	0.311789
2541	22	0.0016049	0.310184
2542	12	0.000875401	0.309308
2543	20	0.001459	0.307849
2544	14	0.0010213	0.306828
2545	14	0.0010213	0.305807
2546	18	0.0013131	0.304494
2547	17	0.00124015	0.303254
2548	13	0.000948351	0.302305
2549	7	0.000510651	0.301795
2550	6	0.000437701	0.301357
2551	7	0.000510651	0.300846
2552	8	0.000583601	0.300263
2553	6	0.000437701	0.299825
2554	5	0.000364751	0.29946
2555	6	0.000437701	0.299022
2556	4	0.0002918	0.298731
2557	2	0.0001459	0.298585
2558	6	0.000437701	0.298147
2559	7	0.000510651	0.297636
2560	7	0.000510651	0.297126
2561	11	0.000802451	0.296323
2562	8	0.000583601	0.29574
2563	17	0.00124015	0.2945
2564	7	0.000510651	0.293989
2565	10	0.000729501	0.293259
2566	11	0.000802451	0.292457
2567	6	0.000437701	0.292019
2568	7	0.000510651	0.291509
2569	14	0.0010213	0.290487
2570	16	0.0011672	0.28932
2571	16	0.0011672	0.288153
2572	9	0.000656551	0.287496
2573	18	0.0013131	0.286183
2574	9	0.000656551	0.285527
2575	15	0.00109425	0.284432
2576	25	0.00182375	0.282609
2577	33	0.00240735	0.280201
2578	31	0.00226145	0.27794
2579	23	0.00167785	0.276262
2580	26	0.0018967	0.274365
2581	36	0.0026262	0.271739
2582	39	0.00284505	0.268894
2583	44	0.0032098	0.265684
2584	44	0.0032098	0.262474
2585	48	0.0035016	0.258973
2586	45	0.00328275	0.25569
2587	27	0.00196965	0.25372
2588	34	0.0024803	0.25124
2589	41	0.00299095	0.248249
2590	37	0.00269915	0.24555
2591	25	0.00182375	0.243726
2592	24	0.0017508	0.241975
2593	20	0.001459	0.240516
2594	11	0.000802451	0.239714
2595	14	0.0010213	0.238693
2596	9	0.000656551	0.238036
2597	12	0.000875401	0.237161
2598	7	0.000510651	0.23665
2599	5	0.000364751	0.236285
2600	5	0.000364751	0.235921
2601	4	0.0002918	0.235629
2602	8	0.000583601	0.235045
2603	6	0.000437701	0.234608
2604	9	0.000656551	0.233951
2605	7	0.000510651	0.23344
2606	10	0.000729501	0.232711
2607	8	0.000583601	0.232127
2608	6	0.000437701	0.23169
2609	17	0.00124015	0.230449
2610	7	0.000510651	0.229939
2611	16	0.0011672	0.228772
2612	17	0.00124015	0.227531
2613	14	0.0010213	0.22651
2614	18	0.0013131	0.225197
2615	18	0.0013131	0.223884
2616	22	0.0016049	0.222279
2617	8	0.000583601	0.221695
2618	13	0.000948351	0.220747
2619	16	0.0011672	0.21958
2620	19	0.00138605	0.218194
2621	13	0.000948351	0.217245
2622	14	0.0010213	0.216224
2623	8	0.000583601	0.215641
2624	13	0.000948351	0.214692
2625	9	0.000656551	0.214036
2626	5	0.000364751	0.213671
2627	9	0.000656551	0.213014
2628	3	0.00021885	0.212795
2629	7	0.000510651	0.212285
2630	3	0.00021885	0.212066
2631	6	0.000437701	0.211628
2632	2	0.0001459	0.211482
2635	1	7.29501e-05	0.211409
2636	2	0.0001459	0.211263
2637	1	7.29501e-05	0.211191
2639	2	0.0001459	0.211045
2642	2	0.0001459	0.210899
2645	1	7.29501e-05	0.210826
2647	1	7.29501e-05	0.210753
2649	4	0.0002918	0.210461
2651	1	7.29501e-05	0.210388
2652	2	0.0001459	0.210242
2656	1	7.29501e-05	0.210169
2657	2	0.0001459	0.210023
2658	2	0.0001459	0.209877
2659	2	0.0001459	0.209732
2660	4	0.0002918	0.20944
2661	1	7.29501e-05	0.209367
2663	7	0.000510651	0.208856
2664	5	0.000364751	0.208491
2665	3	0.00021885	0.208273
2666	8	0.000583601	0.207689
2667	10	0.000729501	0.206959
2668	3	0.00021885	0.206741
2669	7	0.000510651	0.20623
2670	9	0.000656551	0.205573
2671	6	0.000437701	0.205136
2672	15	0.00109425	0.204041
2673	11	0.000802451	0.203239
2674	18	0.0013131	0.201926
2675	15	0.00109425	0.200832
2676	14	0.0010213	0.19981
2677	14	0.0010213	0.198789
2678	19	0.00138605	0.197403
2679	23	0.00167785	0.195725
2680	17	0.00124015	0.194485
2681	9	0.000656551	0.193828
2682	18	0.0013131	0.192515
2683	13	0.000948351	0.191567
2684	12	0.000875401	0.190692
2685	10	0.000729501	0.189962
2686	10	0.000729501	0.189233
2687	8	0.000583601	0.188649
2688	12	0.000875401	0.187774
2689	5	0.000364751	0.187409
2690	3	0.00021885	0.18719
2691	6	0.000437701	0.186752
2692	5	0.000364751	0.186388
2693	2	0.0001459	0.186242
2694	2	0.0001459	0.186096
2695	2	0.0001459	0.18595
2697	1	7.29501e-05	0.185877
2698	2	0.0001459	0.185731
2699	1	7.29501e-05	0.185658
2704	3	0.00021885	0.185439
2705	1	7.29501e-05	0.185366
2706	1	7.29501e-05	0.185293
2707	3	0.00021885	0.185074
2708	1	7.29501e-05	0.185001
2709	1	7.29501e-05	0.184929
2710	6	0.000437701	0.184491
2711	1	7.29501e-05	0.184418
2712	3	0.00021885	0.184199
2713	5	0.000364751	0.183834
2714	4	0.0002918	0.183542
2715	2	0.0001459	0.183397
2716	5	0.000364751	0.183032
2717	10	0.000729501	0.182302
2718	6	0.000437701	0.181865
2719	7	0.000510651	0.181354
2720	9	0.000656551	0.180697
2721	7	0.000510651	0.180187
2722	10	0.000729501	0.179457
2723	7	0.000510651	0.178947
2724	8	0.000583601	0.178363
2725	10	0.000729501	0.177633
2726	5	0.000364751	0.177269
2727	10	0.000729501	0.176539
2728	9	0.000656551	0.175883
2729	6	0.000437701	0.175445
2730	6	0.000437701	0.175007
2731	6	0.000437701	0.17457
2732	5	0.000364751	0.174205
2733	5	0.000364751	0.17384
2734	6	0.000437701	0.173402
2735	2	0.0001459	0.173256
2736	2	0.0001459	0.173111
2737	2	0.0001459	0.172965
2738	5	0.000364751	0.1726
2740	3	0.00021885	0.172381
2742	3	0.00021885	0.172162
2744	1	7.29501e-05	0.172089
2745	1	7.29501e-05	0.172016
2746	1	7.29501e-05	0.171943
2747	2	0.0001459	0.171797
2749	1	7.29501e-05	0.171725
2750	1	7.29501e-05	0.171652
2751	2	0.0001459	0.171506
2752	4	0.0002918	0.171214
2753	3	0.00021885	0.170995
2755	2	0.0001459	0.170849
2756	2	0.0001459	0.170703
2757	2	0.0001459	0.170557
2758	5	0.000364751	0.170193
2759	3	0.00021885	0.169974
2760	3	0.00021885	0.169755
2761	4	0.0002918	0.169463
2762	1	7.29501e-05	0.16939
2763	6	0.000437701	0.168952
2764	6	0.000437701	0.168515
2765	7	0.000510651	0.168004
2766	12	0.000875401	0.167129
2767	12	0.000875401	0.166253
2768	14	0.0010213	0.165232
2769	15	0.00109425	0.164138
2770	14	0.0010213	0.163116
2771	11	0.000802451	0.162314
2772	24	0.0017508	0.160563
2773	15	0.00109425	0.159469
2774	12	0.000875401	0.158594
2775	12	0.000875401	0.157718
2776	13	0.000948351	0.15677
2777	13	0.000948351	0.155821
2778	14	0.0010213	0.1548
2779	16	0.0011672	0.153633
2780	14	0.0010213	0.152612
2781	9	0.000656551	0.151955
2782	16	0.0011672	0.150788
2783	14	0.0010213	0.149767
2784	13	0.000948351	0.148818
2785	9	0.000656551	0.148162
2786	6	0.000437701	0.147724
2787	3	0.00021885	0.147505
2788	6	0.000437701	0.147067
2789	7	0.000510651	0.146557
2790	10	0.000729501	0.145827
2791	6	0.000437701	0.14539
2792	6	0.000437701	0.144952
2793	4	0.0002918	0.14466
2794	7	0.000510651	0.144149
2795	6	0.000437701	0.143712
2796	7	0.000510651	0.143201
2797	6	0.000437701	0.142763
2798	13	0.000948351	0.141815
2799	12	0.000875401	0.14094
2800	7	0.000510651	0.140429
2801	12	0.000875401	0.139554
2802	11	0.000802451	0.138751
2803	16	0.0011672	0.137584
2804	18	0.0013131	0.136271
2805	26	0.0018967	0.134374
2806	19	0.00138605	0.132988
2807	30	0.0021885	0.1308
2808	29	0.00211555	0.128684
2809	27	0.00196965	0.126714
2810	38	0.0027721	0.123942
2811	40	0.002918	0.121024
2812	32	0.0023344	0.11869
2813	36	0.0026262	0.116064
2814	29	0.00211555	0.113948
2815	21	0.00153195	0.112416
2816	29	0.00211555	0.110301
2817	33	0.00240735	0.107893
2818	18	0.0013131	0.10658
2819	16	0.0011672	0.105413
2820	13	0.000948351	0.104465
2821	18	0.0013131	0.103151
2822	15	0.00109425	0.102057
2823	7	0.000510651	0.101547
2824	6	0.000437701	0.101109
2825	6	0.000437701	0.100671
2826	10	0.000729501	0.0999416
2827	2	0.0001459	0.0997957
2828	4	0.0002918	0.0995039
2829	3	0.00021885	0.0992851
2830	3	0.00021885	0.0990662
2831	2	0.0001459	0.0989203
2832	2	0.0001459	0.0987744
2833	1	7.29501e-05	0.0987015
2834	1	7.29501e-05	0.0986285
2836	2	0.0001459	0.0984826
2837	2	0.0001459	0.0983367
2838	2	0.0001459	0.0981908
2839	1	7.29501e-05	0.0981179
2840	2	0.0001459	0.097972
2841	3	0.00021885	0.0977531
2842	1	7.29501e-05	0.0976802
2843	2	0.0001459	0.0975343
2844	2	0.0001459	0.0973884
2845	5	0.000364751	0.0970236
2847	5	0.000364751	0.0966589
2848	3	0.00021885	0.09644
2849	2	0.0001459	0.0962941
2850	5	0.000364751	0.0959294
2851	7	0.000510651	0.0954187
2852	2	0.0001459	0.0952728
2853	7	0.000510651	0.0947622
2854	8	0.000583601	0.0941786
2855	11	0.000802451	0.0933761
2856	3	0.00021885	0.0931573
2857	6	0.000437701	0.0927196
2858	12	0.000875401	0.0918442
2859	10	0.000729501	0.0911147
2860	11	0.000802451	0.0903122
2861	13	0.000948351	0.0893639
2862	23	0.00167785	0.087686
2863	22	0.0016049	0.0860811
2864	21	0.00153195	0.0845492
2865	21	0.00153195	0.0830172
2866	13	0.000948351	0.0820689
2867	25	0.00182375	0.0802451
2868	19	0.00138605	0.0788591
2869	10	0.000729501	0.0781296
2870	15	0.00109425	0.0770353
2871	15	0.00109425	0.0759411
2872	17	0.00124015	0.0747009
2873	9	0.000656551	0.0740444
2874	16	0.0011672	0.0728772
2875	20	0.001459	0.0714181
2876	12	0.000875401	0.0705427
2877	6	0.000437701	0.070105
2878	9	0.000656551	0.0694485
2879	11	0.000802451	0.068646
2880	6	0.000437701	0.0682083
2881	10	0.000729501	0.0674788
2882	14	0.0010213	0.0664575
2883	9	0.000656551	0.065801
2884	13	0.000948351	0.0648526
2885	14	0.0010213	0.0638313
2886	17	0.00124015	0.0625912
2887	19	0.00138605	0.0612051
2888	19	0.00138605	0.0598191
2889	18	0.0013131	0.058506
2890	27	0.00196965	0.0565363
2891	22	0.0016049	0.0549314
2892	17	0.00124015	0.0536913
2893	22	0.0016049	0.0520864
2894	17	0.00124015	0.0508462
2895	13	0.000948351	0.0498979
2896	14	0.0010213	0.0488766
2897	7	0.000510651	0.0483659
2898	18	0.0013131	0.0470528
2899	18	0.0013131	0.0457397
2900	8	0.000583601	0.0451561
2901	12	0.000875401	0.0442807
2902	5	0.000364751	0.043916
2903	8	0.000583601	0.0433324
2904	5	0.000364751	0.0429676
2905	3	0.00021885	0.0427488
2906	3	0.00021885	0.0425299
2907	3	0.00021885	0.0423111
2908	3	0.00021885	0.0420922
2909	4	0.0002918	0.0418004
2910	1	7.29501e-05	0.0417275
2911	1	7.29501e-05	0.0416545
2912	1	7.29501e-05	0.0415816
2919	1	7.29501e-05	0.0415086
2920	1	7.29501e-05	0.0414357
2922	3	0.00021885	0.0412168
2923	1	7.29501e-05	0.0411439
2924	1	7.29501e-05	0.0410709
2925	1	7.29501e-05	0.040998
2928	2	0.0001459	0.0408521
2932	2	0.0001459	0.0407062
2933	2	0.0001459	0.0405603
2934	1	7.29501e-05	0.0404873
2936	1	7.29501e-05	0.0404144
2937	1	7.29501e-05	0.0403414
2938	3	0.00021885	0.0401226
2939	2	0.0001459	0.0399767
2940	2	0.0001459	0.0398308
2941	2	0.0001459	0.0396849
2942	3	0.00021885	0.039466
2943	3	0.00021885	0.0392472
2944	2	0.0001459	0.0391013
2945	2	0.0001459	0.0389554
2946	3	0.00021885	0.0387365
2947	5	0.000364751	0.0383718
2948	6	0.000437701	0.0379341
2949	7	0.000510651	0.0374234
2950	9	0.000656551	0.0367669
2951	4	0.0002918	0.0364751
2952	5	0.000364751	0.0361103
2953	13	0.000948351	0.0351619
2954	8	0.000583601	0.0345783
2955	9	0.000656551	0.0339218
2956	9	0.000656551	0.0332652
2957	10	0.000729501	0.0325357
2958	6	0.000437701	0.032098
2959	11	0.000802451	0.0312956
2960	10	0.000729501	0.0305661
2961	13	0.000948351	0.0296177
2962	9	0.000656551	0.0289612
2963	10	0.000729501	0.0282317
2964	8	0.000583601	0.0276481
2965	3	0.00021885	0.0274292
2966	4	0.0002918	0.0271374
2967	8	0.000583601	0.0265538
2968	5	0.000364751	0.0261891
2969	2	0.0001459	0.0260432
2970	3	0.00021885	0.0258243
2971	3	0.00021885	0.0256055
2972	2	0.0001459	0.0254596
2973	3	0.00021885	0.0252407
2974	2	0.0001459	0.0250948
2976	1	7.29501e-05	0.0250219
2979	1	7.29501e-05	0.0249489
2980	1	7.29501e-05	0.024876
2992	1	7.29501e-05	0.024803
3019	1	7.29501e-05	0.0247301
3028	1	7.29501e-05	0.0246571
3029	2	0.0001459	0.0245112
3033	2	0.0001459	0.0243653
3034	1	7.29501e-05	0.0242924
3037	2	0.0001459	0.0241465
3041	1	7.29501e-05	0.0240735
3042	1	7.29501e-05	0.0240006
3043	1	7.29501e-05	0.0239276
3044	2	0.0001459	0.0237817
3045	2	0.0001459	0.0236358
3046	2	0.0001459	0.0234899
3048	2	0.0001459	0.023344
3049	2	0.0001459	0.0231981
3050	2	0.0001459	0.0230522
3051	2	0.0001459	0.0229063
3052	1	7.29501e-05	0.0228334
3053	3	0.00021885	0.0226145
3054	7	0.000510651	0.0221039
3055	2	0.0001459	0.021958
3056	3	0.00021885	0.0217391
3057	4	0.0002918	0.0214473
3058	4	0.0002918	0.0211555
3059	2	0.0001459	0.0210096
3060	2	0.0001459	0.0208637
3062	5	0.000364751	0.020499
3063	1	7.29501e-05	0.020426
3064	1	7.29501e-05	0.0203531
3065	2	0.0001459	0.0202072
3067	3	0.00021885	0.0199883
3068	2	0.0001459	0.0198424
3069	1	7.29501e-05	0.0197695
3070	1	7.29501e-05	0.0196965
3072	1	7.29501e-05	0.0196236
3073	1	7.29501e-05	0.0195506
3074	1	7.29501e-05	0.0194777
3077	1	7.29501e-05	0.0194047
3081	1	7.29501e-05	0.0193318
3082	1	7.29501e-05	0.0192588
3084	1	7.29501e-05	0.0191859
3088	1	7.29501e-05	0.0191129
3110	1	7.29501e-05	0.01904
3141	1	7.29501e-05	0.018967
3148	1	7.29501e-05	0.0188941
3153	1	7.29501e-05	0.0188211
3155	1	7.29501e-05	0.0187482
3159	1	7.29501e-05	0.0186752
3163	1	7.29501e-05	0.0186023
3177	1	7.29501e-05	0.0185293
3191	1	7.29501e-05	0.0184564
3192	1	7.29501e-05	0.0183834
3197	1	7.29501e-05	0.0183105
3200	3	0.00021885	0.0180916
3201	1	7.29501e-05	0.0180187
3204	1	7.29501e-05	0.0179457
3212	1	7.29501e-05	0.0178728
3218	1	7.29501e-05	0.0177998
3224	1	7.29501e-05	0.0177269
3230	2	0.0001459	0.017581
3231	4	0.0002918	0.0172892
3232	2	0.0001459	0.0171433
3234	1	7.29501e-05	0.0170703
3236	1	7.29501e-05	0.0169974
3239	1	7.29501e-05	0.0169244
3240	1	7.29501e-05	0.0168515
3241	3	0.00021885	0.0166326
3242	3	0.00021885	0.0164138
3243	2	0.0001459	0.0162679
3244	1	7.29501e-05	0.0161949
3245	2	0.0001459	0.016049
3246	2	0.0001459	0.0159031
3248	2	0.0001459	0.0157572
3249	3	0.00021885	0.0155384
3250	4	0.0002918	0.0152466
3251	2	0.0001459	0.0151007
3252	9	0.000656551	0.0144441
3253	5	0.000364751	0.0140794
3254	5	0.000364751	0.0137146
3255	2	0.0001459	0.0135687
3256	9	0.000656551	0.0129122
3257	7	0.000510651	0.0124015
3258	11	0.000802451	0.0115991
3259	12	0.000875401	0.0107237
3260	8	0.000583601	0.0101401
3261	7	0.000510651	0.00962941
3262	7	0.000510651	0.00911876
3263	14	0.0010213	0.00809746
3264	9	0.000656551	0.00744091
3265	13	0.000948351	0.00649256
3266	7	0.000510651	0.00598191
3267	13	0.000948351	0.00503356
3268	10	0.000729501	0.00430406
3269	6	0.000437701	0.00386636
3270	3	0.00021885	0.00364751
3271	4	0.0002918	0.0033557
3272	7	0.000510651	0.00284505
3273	6	0.000437701	0.00240735
3274	3	0.00021885	0.0021885
3275	2	0.0001459	0.0020426
3276	4	0.0002918	0.0017508
3277	1	7.29501e-05	0.00167785
3278	2	0.0001459	0.00153195
3279	1	7.29501e-05	0.001459
3280	4	0.0002918	0.0011672
3282	2	0.0001459	0.0010213
3288	1	7.29501e-05	0.000948351
3289	1	7.29501e-05	0.000875401
3297	1	7.29501e-05	0.000802451
3366	1	7.29501e-05	0.000729501
3447	1	7.29501e-05	0.000656551
3452	1	7.29501e-05	0.000583601
3470	1	7.29501e-05	0.000510651
3478	1	7.29501e-05	0.000437701
3485	1	7.29501e-05	0.000364751
3587	1	7.29501e-05	0.0002918
3601	1	7.29501e-05	0.00021885
3603	1	7.29501e-05	0.0001459
3606	1	7.29501e-05	7.29501e-05
3625	1	7.29501e-05	-7.54952e-15
